0.0175 0.2862388752 
0.0525 0.2720388816 
0.0875 0.2701316975 
0.1225 0.2673888893 
0.1575 0.2749134603 
0.1925 0.2777315698 
0.2275 0.2797631177 
0.2625 0.2829392917 
0.2975 0.2872652434 
0.3325 0.2935016118 
0.3675 0.2985475182 
0.4025 0.3047938383 
0.4375 0.3114632771 
0.4725 0.3184739066 
0.5075 0.3265267384 
0.5425 0.3350947933 
0.5775 0.3438644667 
0.6125 0.3537439031 
0.6475 0.3640959553 
0.6825 0.3758112912 
0.7175 0.3870639183 
0.7525 0.3988906908 
0.7875 0.4119727766 
0.8225 0.4254620861 
0.8575 0.4388228596 
0.8925 0.4536388339 
0.9275 0.4685436083 
0.9625 0.4836082148 
0.9975 0.4998244607 
1.0325 0.5166431033 
1.0675 0.5332836688 
1.1025 0.5502019592 
1.1375 0.5679423849 
1.1725 0.5849424493 
1.2075 0.6030483322 
1.2425 0.6215768369 
1.2775 0.6399844485 
1.3125 0.6576483982 
1.3475 0.6763772559 
1.3825 0.6942597694 
1.4175 0.712423912 
1.4525 0.7298681106 
1.4875 0.7473272904 
1.5225 0.7651595983 
1.5575 0.781793591 
1.5925 0.7984653584 
1.6275 0.8139329297 
1.6625 0.829458291 
1.6975 0.8447538279 
1.7325 0.8585632833 
1.7675 0.8733147278 
1.8025 0.8859849969 
1.8375 0.8991116849 
1.8725 0.9103647438 
1.9075 0.9217776072 
1.9425 0.9322580451 
1.9775 0.9421634975 
2.0125 0.9511019304 
2.0475 0.959792806 
2.0825 0.96739532 
2.1175 0.9745115089 
2.1525 0.9808421102 
2.1875 0.9871460323 
2.2225 0.9924316228 
2.2575 0.9975516409 
2.2925 1.0017024688 
2.3275 1.0049991694 
2.3625 1.0082298061 
2.3975 1.0108484187 
2.4325 1.013421493 
2.4675 1.0151547215 
2.5025 1.0171113206 
2.5375 1.0180846659 
2.5725 1.0192888439 
2.6075 1.0203653821 
2.6425 1.0204377769 
2.6775 1.0207482711 
2.7125 1.0208106374 
2.7475 1.0207463343 
2.7825 1.0202524156 
2.8175 1.0198398479 
2.8525 1.0193003889 
2.8875 1.0190217446 
2.9225 1.018084446 
2.9575 1.0175973281 
2.9925 1.0164071679 
3.0275 1.01568878 
3.0625 1.0149500729 
3.0975 1.0138317214 
3.1325 1.0129468937 
3.1675 1.0120817967 
3.2025 1.0113934201 
3.2375 1.0106114562 
3.2725 1.0096219678 
3.3075 1.0086341033 
3.3425 1.0083604619 
3.3775 1.0075515168 
3.4125 1.0069490208 
3.4475 1.0061667597 
3.4825 1.0056555082 
3.5175 1.0047736031 
3.5525 1.003956393 
3.5875 1.0029421315 
3.6225 1.0020412285 
3.6575 1.001504705 
3.6925 1.0007463885 
3.7275 1.0002823078 
3.7625 0.9999211647 
3.7975 0.9994795733 
3.8325 0.9989465657 
3.8675 0.9987906862 
3.9025 0.9983794162 
3.9375 0.9983338242 
3.9725 0.9981194107 
4.0075 0.997829149 
4.0425 0.9977128205 
4.0775 0.9976929048 
4.1125 0.9976858027 
4.1475 0.9977312629 
4.1825 0.9976851181 
4.2175 0.9976007008 
4.2525 0.997684101 
4.2875 0.997698785 
4.3225 0.9978780972 
4.3575 0.9979098739 
4.3925 0.9980652778 
4.4275 0.9981097185 
4.4625 0.9980973325 
4.4975 0.9981004441 
4.5325 0.9985167144 
4.5675 0.9985095569 
4.6025 0.9985528101 
4.6375 0.9987391524 
4.6725 0.9988417022 
4.7075 0.9989198585 
4.7425 0.9988798656 
4.7775 0.9990897209 
4.8125 0.9991971862 
4.8475 0.9992497043 
4.8825 0.9994527866 
4.9175 0.9994087555 
4.9525 0.9994197543 
4.9875 0.999586154 
5.0225 0.9996667542 
5.0575 0.9997311441 
5.0925 0.9997253969 
5.1275 0.9998615697 
5.1625 0.9998390062 
5.1975 0.9999596268 
5.2325 1.0000553051 
5.2675 1.0000176833 
5.3025 1.0000398839 
5.3375 1.0000756237 
5.3725 1.0000569771 
5.4075 1.0001356565 
5.4425 1.0001139378 
5.4775 1.0000320968 
5.5125 1.0000381441 
5.5475 1.0002278025 
5.5825 1.0001174771 
5.6175 1.000046357 
5.6525 1.0000419962 
5.6875 1.0001274545 
5.7225 1.0001299307 
5.7575 1.0002512981 
5.7925 1.0001594429 
5.8275 1.0001364606 
5.8625 1.0002047797 
5.8975 1.0000675784 
5.9325 1.0000191935 
5.9675 0.9999582383 
6.0025 1.0001112534 
6.0375 0.9999913141 
6.0725 1.0002109297 
6.1075 1.0000850728 
6.1425 1.0000697339 
6.1775 0.9999547443 
6.2125 0.9999903654 
6.2475 0.999955498 
6.2825 0.9999854346 
6.3175 1.0000085123 
6.3525 0.9999636397 
6.3875 0.9999152634 
6.4225 0.9999786369 
6.4575 0.9999530703 
6.4925 0.9999617547 
6.5275 0.999951377 
6.5625 0.9998442732 
6.5975 0.9999193936 
6.6325 0.9998942892 
6.6675 0.9998258574 
6.7025 0.9999126696 
6.7375 0.9998217506 
6.7725 0.9998870892 
6.8075 0.9998588782 
6.8425 0.9998471398 
6.8775 1.0000413769 
6.9125 0.9998937454 
6.9475 0.9998677075 
6.9825 0.9998600673 
