0.0175 0.0 
0.0525 0.0 
0.0875 0.0 
0.1225 0.0 
0.1575 0.0 
0.1925 0.0 
0.2275 0.0 
0.2625 0.0 
0.2975 0.0 
0.3325 0.0 
0.3675 0.0 
0.4025 0.0 
0.4375 0.0 
0.4725 0.0 
0.5075 0.0 
0.5425 0.0 
0.5775 0.0 
0.6125 0.0 
0.6475 0.0 
0.6825 0.0 
0.7175 0.0 
0.7525 0.0 
0.7875 0.0 
0.8225 0.0 
0.8575 9.1604208112e-07 
0.8925 4.4944353428e-04 
0.9275 0.0160721588 
0.9625 0.1268807312 
0.9975 0.4060642277 
1.0325 0.7487930082 
1.0675 0.9987478021 
1.1025 1.1070310715 
1.1375 1.1156167731 
1.1725 1.1063627698 
1.2075 1.0964523847 
1.2425 1.0885443811 
1.2775 1.079691005 
1.3125 1.0720012897 
1.3475 1.0642731885 
1.3825 1.0576232387 
1.4175 1.049826867 
1.4525 1.0435546104 
1.4875 1.0377679744 
1.5225 1.0320124029 
1.5575 1.0273296646 
1.5925 1.0212170661 
1.6275 1.017302766 
1.6625 1.0134691793 
1.6975 1.0099970622 
1.7325 1.006964759 
1.7675 1.004135497 
1.8025 1.0013894045 
1.8375 0.9995907184 
1.8725 0.9977717675 
1.9075 0.9968087899 
1.9425 0.9965736364 
1.9775 0.9961216545 
2.0125 0.9959298536 
2.0475 0.9959675079 
2.0825 0.9965402954 
2.1175 0.9970596524 
2.1525 0.9976915921 
2.1875 0.997892098 
2.2225 0.9985026234 
2.2575 0.9987545177 
2.2925 0.9988557416 
2.3275 0.9994399357 
2.3625 0.9992314164 
2.3975 0.9995630143 
2.4325 0.9996961214 
2.4675 0.9996318138 
2.5025 0.9997769969 
2.5375 0.9998565015 
2.5725 1.0001604665 
2.6075 0.9997200971 
2.6425 0.9998932577 
2.6775 1.0001868119 
2.7125 0.999828484 
2.7475 0.9994648279 
2.7825 1.000157319 
2.8175 0.9997910293 
2.8525 1.0000437662 
2.8875 0.9998956653 
2.9225 0.9996087616 
2.9575 0.9998287948 
2.9925 0.9998367505 
3.0275 0.9996185791 
3.0625 0.9997715072 
3.0975 0.9999992947 
3.1325 0.9999797987 
3.1675 0.9998000097 
3.2025 0.9996231275 
3.2375 0.9997740485 
3.2725 0.9995036181 
3.3075 0.9999549768 
3.3425 0.999710617 
3.3775 0.9999987603 
3.4125 0.9995844843 
3.4475 0.999581465 
3.4825 0.9998135117 
3.5175 0.9997020491 
3.5525 0.9997344164 
3.5875 0.9997776054 
3.6225 0.9999096592 
3.6575 0.9996108134 
3.6925 0.9998497271 
3.7275 0.9997117267 
3.7625 0.99970926 
3.7975 0.9998741532 
3.8325 0.9999443134 
3.8675 0.999974232 
3.9025 0.999757833 
3.9375 0.9999387637 
3.9725 0.9997642293 
4.0075 0.9998183601 
4.0425 0.9996181547 
4.0775 0.999809804 
4.1125 0.9997813518 
4.1475 0.999845099 
4.1825 0.9996347941 
4.2175 0.999841181 
4.2525 0.9997413303 
4.2875 0.9997430313 
4.3225 0.999657166 
4.3575 0.9997824094 
4.3925 0.9998108078 
4.4275 0.9996848767 
4.4625 0.9996878564 
4.4975 0.9998213654 
4.5325 0.9997288167 
4.5675 0.9997410883 
4.6025 0.999837841 
4.6375 0.9995277284 
4.6725 0.9997816688 
4.7075 0.999694915 
4.7425 0.9997884252 
4.7775 0.9996928127 
4.8125 0.99974526 
4.8475 0.9998099962 
4.8825 0.9997561193 
4.9175 0.999798701 
4.9525 0.9998229119 
4.9875 0.9998937483 
5.0225 0.9998171601 
5.0575 0.9998615596 
5.0925 0.9997122009 
5.1275 0.9997264081 
5.1625 0.9998748613 
5.1975 0.9998701074 
5.2325 0.9996503309 
5.2675 0.9997720755 
5.3025 0.9998083914 
5.3375 0.9999345429 
5.3725 0.9996809211 
5.4075 0.999748159 
5.4425 0.9998759107 
5.4775 0.9997778259 
5.5125 0.999741795 
5.5475 0.9998781081 
5.5825 0.9997204633 
5.6175 0.9997307968 
5.6525 0.9997169906 
5.6875 0.9998321772 
5.7225 0.999821082 
5.7575 0.9997100621 
5.7925 0.9998310546 
5.8275 0.9997605724 
5.8625 0.9998272754 
5.8975 0.9998566502 
5.9325 0.9998027889 
5.9675 0.9997814709 
6.0025 0.9998015002 
6.0375 0.9997326661 
6.0725 0.9998286251 
6.1075 0.9997543731 
6.1425 0.9997748368 
6.1775 0.9997562854 
6.2125 0.9997491995 
6.2475 0.9998973936 
6.2825 0.9998442283 
6.3175 0.9998133336 
6.3525 0.9998006629 
6.3875 0.9998125219 
6.4225 0.999723248 
6.4575 0.999815387 
6.4925 0.9997770319 
6.5275 0.9998383151 
6.5625 0.999699784 
6.5975 0.9998447891 
6.6325 0.9997912892 
6.6675 0.9995314487 
6.7025 0.9997067887 
6.7375 0.9997356022 
6.7725 0.9997057548 
6.8075 0.9997872774 
6.8425 0.9997522949 
6.8775 0.9998039212 
6.9125 0.9998102717 
6.9475 0.9997705996 
6.9825 0.9997774161 
